596
596
603
603
682
682
682
682
682
681
681
681
681
681
680
680
680
680
680
680
680
680
680
781
781
781
791
791
791
791
936
936
936
936
936
935
935
1075
1075
1075
1075
1075
1074
1073
1073
1153
1234
1234
1354
1354
1354
1354
1361
1361
1361
1361
1361
1360
1360
1360
1371
1371
1371
1371
1385
1385
1385
1514
1514
1514
1514
1514
1513
1513
1513
1513
1796
1796
1796
1796
1923
1923
2130
2130
2130
2130
2307
2307
2307
2307
2307
2306
2306
2306
2306
2635
2635
2635
2635
2635
2633
2633
2633
2633
2633
2632
2632
3095
3095
3095
3095
3095
3088
3088
3479
3479
3479
3479
3479
3468
3468
3468
4090
4207
4207
4207
4320
4320
4320
4320
4320
4319
4319
4319
4319
4319
4319
4318
4665
4665
4665
4665
4665
4664
4664
4664
4664
4663
4663
4663
4663
4663
4663
4663
4663
4663
4663
4663
4663
4663
4663
4663
4663
4663
5590
5590
5590
6026
6026
6026
6026
6026
6024
6024
6877
6877
6877
6877
6877
6872
6872
6872
6872
6872
6871
6871
8106
8106
8106
8106
8106
8100
8099
8099
8099
8099
8099
8099
8098
9102
9102
9102
9102
9102
9101
10803
10803
10803
10803
10803
10799
10799
10799
10799
11989
11989
11989
13764
13764
13764
15596
15596
15596
15596
15596
15558
15558
15558
15558
15558
15557
18009
18009
18140
18140
18140
18140
18140
18137
18137
18137
18137
18137
18137
18137
18137
19628
19628
20848
20848
20848
20848
20848
20811
20811
23780
24729
25296
25296
25296
28298
28298
28298
28298
31206
31206
31206
31206
31206
31200
31200
31200
31200
31200
31199
31199
35619
35619
35619
35619
35619
35609
35609
35609
35609
35609
35608
35608
35608
35608
35608
40473
40473
44390
44390
44390
44390
44390
52552
52552
52552