525
561
577
587
602
617
643
664
674
676
678
679
680
680
680
680
680
680
680
680
680
680
680
685
706
747
770
780
785
787
796
828
887
906
922
931
933
941
973
1033
1055
1066
1069
1070
1071
1076
1097
1151
1209
1258
1331
1346
1350
1353
1356
1357
1358
1359
1359
1359
1360
1362
1367
1368
1370
1373
1378
1387
1413
1469
1499
1510
1511
1512
1512
1512
1526
1584
1701
1749
1778
1820
1893
1953
2045
2093
2119
2179
2264
2293
2300
2303
2304
2304
2304
2321
2404
2554
2607
2622
2627
2630
2630
2631
2631
2631
2632
2655
2733
2929
3024
3059
3072
3082
3104
3181
3342
3404
3432
3452
3462
3465
3505
3686
3976
4113
4173
4228
4290
4303
4310
4315
4317
4318
4318
4318
4318
4318
4335
4379
4508
4570
4629
4647
4654
4661
4663
4663
4663
4663
4663
4663
4663
4663
4663
4663
4663
4663
4663
4663
4663
4663
4663
4663
4709
4965
5382
5510
5670
5863
5956
6005
6014
6018
6063
6199
6530
6699
6772
6821
6852
6863
6866
6868
6869
6870
6931
7217
7725
7980
8065
8085
8093
8096
8097
8097
8098
8098
8098
8148
8383
8860
9014
9054
9071
9171
9520
10297
10647
10771
10784
10790
10795
10797
10857
11097
11576
11863
12319
13136
13514
14115
14986
15243
15401
15483
15526
15543
15548
15551
15553
15677
16299
17598
17871
18022
18110
18128
18133
18135
18136
18137
18137
18137
18137
18137
18211
18483
19070
19583
20195
20492
20654
20774
20790
21053
21925
23365
24553
25073
25343
26121
27319
27907
28310
29044
30380
30904
31134
31164
31179
31188
31193
31195
31197
31197
31419
32405
34286
35125
35423
35514
35555
35583
35599
35604
35605
35606
35607
35607
35607
35850
36864
39016
40489
42310
43270
43819
44693
47264
50930