251
498
537
567
577
593
600
615
658
673
675
677
679
680
680
680
680
680
634
680
680
680
680
680
680
680
725
759
775
782
786
788
790
875
893
915
929
932
934
934
1002
1042
1062
1066
1069
1071
1072
1072
1105
1180
1209
1312
1340
1348
1351
1354
1357
1358
1358
1359
1359
1359
1360
1363
1368
1369
1369
1375
1379
1382
1448
1488
1509
1511
1511
1512
1512
1512
1512
1582
1556
1748
1783
1845
1893
2019
2064
2098
2120
2199
2280
2296
2302
2304
2304
2304
2305
2305
2503
2591
2614
2623
2628
2630
2631
2631
2631
2632
2632
2632
2427
2993
3037
2062
3073
3083
3085
3257
3377
3419
3442
3457
3465
3465
3508
3895
4045
3495
4175
4277
4299
4306
4311
4316
4318
4318
4318
4318
4318
4318
4318
4399
4537
4605
4634
4649
4659
4663
4663
4663
4663
4663
4663
4663
4663
4663
4663
4663
4663
4663
4663
4663
4663
4663
4663
3744
4663
5187
5442
5563
5750
5906
5971
6010
6014
6018
6022
6339
6568
6729
6793
6845
6856
6864
6867
6869
6870
6870
6870
7513
7838
7738
7924
8087
8094
8097
7417
6735
8098
8098
8098
8098
8688
8933
9036
9062
9077
9093
10021
10413
10748
10771
10785
10792
10796
6969
10798
11417
11647
11845
12577
13231
13547
14472
15056
13067
15444
15514
15535
15545
12100
15551
15554
15555
17137
17736
17872
18080
18123
14053
18134
18136
18137
18137
18137
18137
18137
18137
18137
18423
19104
19842
20384
20548
20758
20781
20795
21283
22714
23719
25039
25145
25234
26631
27712
28081
28213
29911
30575
31035
31151
31173
31183
31191
31193
31197
31197
31198
31198
33121
34504
28972
35453
35532
35573
35589
35602
35605
35606
35606
35607
35607
35607
35607
37462
39298
41614
42485
43364
43962
45084